241895
644622
1161
302601
235332
241944
241888
231394
501827
242516
205676
1177
290162
453461
586
620099
640579
640578
1180
587586
472614
590
587587
5
1181
499765
621769
587588
899
485166
621781
226169
498883
587590
640649
485169
535498
621780
1185
587592
621859
226175
309715
641213
904
641333
453490
621921
589584
589459
500044
15
641432
535918
464235
226420
266905
623083
911
641486
453503
623219
19
587591
453508
514567
453509
591269
267088
623818
453510
285
623650
916
8925
453512
286
641626
464450
464449
592624
641628
453765
231392
25
473164
231395
231402
310600
593837
486125
501693
624468
501694
593993
593838
624242
536796
537071
924
594158
624585
501696
594162
41191
501698
41213
594164
454212
927
625980
269244
594572
501701
537552
537556
501702
626218
642113
486257
473755
269255
595768
641981
232026
627511
595807
626441
538284
501819
473777
501823
627678
538285
501825
538698
943
310
232923
473935
501830
627823
945
941
311758
501834
232925
269482
628288
269485
516084
501836
628793
515764
269499
73135
269498
596984
643289
474125
596663
234155
643297
313054
318
643382
75743
596985
643435
643436
643437
456128
960
464803
643438
628845
234774
32111
464804
63
321
234787
628993
964
643439
234799
598805
516943
87879
517588
475289
334
598902
599175
966
475290
599180
629280
629375
629443
629960
963
488752
94675
629961
630115
488754
643712
344
94732
540407
345
540603
343
630706
980
235798
630707
599363
335531
630843
985
465464
518912
631429
600176
336293
236888
456964
465467
496146
457256
631432
503488
631433
631430
991
465469
600281
631435
644080
600330
355
465471
600855
631436
503755
504095
356
600881
631437
238062
644081
465475
458511
359
631439
489173
104843
996
465481
631441
631438
363
631537
631538
465482
631540
239715
504565
465483
631539
364
631541
522866
631542
241883
366
545279
712
601200
522906
553753
241886
631543
369
631544
241887
601203
458646
631545
370
553755
631546
713
458701
465945
631548
241891
375
555314
631549
490180
557184
601646
459192
631550
466035
459193
631551
458921
601851
557189
631553
241929
466037
602150
477058
459199
602347
459338
631554
466038
524184
1014
631555
241942
524895
631557
382
563525
466065
565257
631559
114
109406
383
631560
466134
242025
724
631694
631825
386
644621
632406
603315
631561
632520
632519
644624
603307
1025
242037
632521
632734
118846
644627
644628
632522
302965
632898
632975
738
604656
644630
242109
477541
604141
644631
632976
632978
741
477542
1032
632977
644632
605121
605126
632983
632979
1034
477623
459617
477639
506311
632991
633026
1036
644634
242123
605719
633095
633027
133
633730
490665
1038
490667
569102
634220
1042
490666
1043
633731
140
634221
1044
634224
752
477650
1047
634225
477652
634251
467094
753
634250
570125
477654
607021
634542
144
645587
634469
758
634566
570151
645588
635302
634865
607243
760
242148
635808
635818
284814
149
607546
635819
570694
151
490961
607547
478466
284817
635820
635821
635822
607952
492532
285939
635823
242230
284816
492533
635824
608234
645896
242231
608521
1065
645897
467329
771
635828
242234
645898
635977
572133
572276
635978
609202
635825
572774
635979
775
242237
527135
609611
646374
479575
242238
286579
635980
507055
609910
635981
527458
572779
609911
286657
1075
635982
527472
286973
572780
1074
635983
609925
610010
527667
635984
479780
527883
573335
287176
610011
636378
646738
636379
479909
287189
784
636380
610265
573816
636381
473
242266
480074
610266
636382
636383
787
1084
492800
636385
492976
528648
790
636384
480077
636454
530031
242293
636457
636456
647180
791
530229
636458
647235
793
242414
1092
480087
574489
468640
468641
636460
636461
574554
647437
530242
307091
530246
636463
487
636464
480092
530247
307092
1098
636493
13184
497149
242453
636494
610965
636538
574620
1100
307095
611131
636913
803
242506
469195
530256
493738
480246
497232
611147
575996
1103
1102
575897
575997
611512
242511
461726
242513
530259
611963
480361
807
469417
530260
307107
499
500
242524
612265
289000
288999
289022
637453
1110
504
242566
814
1112
497684
501
530951
648191
613359
506
576605
637824
480477
637828
613436
497847
819
532822
242571
1119
648460
512
205617
242759
290029
510517
613870
820
205677
576903
614475
577026
578548
242826
637988
648670
206616
579875
831
524
579876
615245
579877
649370
833
498037
1131
579878
242979
829
450465
290166
615940
1134
837
539
580570
471161
616449
617300
545
127777
511032
548
617302
546
511034
617323
511416
845
650588
650723
849
582930
617324
1146
130419
309184
1145
584034
309185
309271
498601
1147
584451
498725
651330
585029
135403
585590
639377
498730
462402
498731
585888
585889
512243
1158
144963
1160
498733
498734
452997
247
498735
586048
293593
568
586298
1163
513257
618557
453365
1165
148105
251
453391
498749
1162
618560
1167
513470
472403
1168
586592
463239
618953
640288
640139
587062
498752
619015
498761
587577
587578
619388
260
453440
472511
640289
587580
1174
619989
453456
261
